0 0 16 12 0 22 21 0 0 0 0 4 0 6 0 0 19 1 0 7 0 2 15 0 0
0 17 1 9 0 23 0 0 0 6 5 0 14 0 0 15 21 0 0 0 0 16 0 20 0
10 0 0 0 19 15 0 0 0 3 0 1 21 16 8 0 0 0 5 0 9 0 0 11 7
23 2 0 7 22 12 18 0 11 5 13 0 15 0 10 16 6 0 25 24 4 14 0 19
0 0 5 21 25 0 0 16 0 9 19 0 0 0 0 0 0 12 0 0 6 10 24 0 0
1 0 0 16 0 0 0 0 10 12 24 0 19 13 0 5 0 2 0 0 15 22 8 25
0 0 7 2 0 14 0 0 22 20 0 8 0 25 0 0 17 19 0 0 0 1 0 0 16
25 0 0 0 17 0 6 5 18 0 1 14 2 4 0 16 16 23 0 0 11 0 0 0 0
24 21 0 23 0 13 19 1 0 15 0 12 0 20 22 0 0 25 11 18 0 5 0 0 0
0 3 0 15 0 0 0 2 0 16 0 0 11 0 9 1 8 0 22 13 21 23 20 12 0
0 0 24 25 0 11 0 0 9 14 0 0 0 13 0 0 0 4 0 2 15 6 0 21 0
13 0 12 0 0 0 5 15 2 0 16 21 0 14 0 0 10 9 20 0 0 0 1 18
0 14 23 18 0 6 0 25 0 22 0 0 10 0 0 13 0 16 0 15 0 7 5 3 0
7 0 15 0 0 0 8 18 13 0 0 9 0 2 6 0 12 24 19 0 0 0 23 0 20
0 19 0 22 2 1 0 20 0 0 0 15 0 0 0 5 25 0 0 21 0 9 11 0 0
0 18 11 1 7 5 13 0 14 4 6 0 23 0 0 9 0 2 0 0 0 12 0 22 0
0 0 0 13 0 24 25 8 0 0 10 7 0 1 0 4 0 22 23 5 0 3 0 6 11
0 0 0 0 21 0 0 12 23 19 0 24 20 3 4 0 15 13 17 0 10 0 0 0 9
22 0 0 19 0 0 010 20 0 0 25 0 17 0 6 18 0 0 16 21 8 0 0
17 8 20 10 0 0 1 0 15 0 9 0 5 0 16 19 11 0 0 0 0 4 0 0 13
0 0 14 24 16 0 0 22 0 0 0 0 0 0 23 17 0 11 0 0 19 8 7 0 0
19 4 0 8 11 10 9 0 3 18 17 0 1 0 20 2 7 0 24 6 25 22 0 14 15
15 20 0 0 23 0 12 0 0 0 14 13 9 11 0 18 0 0 0 8 1 0 0 0 2
0 1 0 3 0 0 0 0 7 11 0 0 8 0 19 25 0 0 0 23 0 20 9 17 0
0 0 9 6 0 17 0 4 8 0 0 18 0 12 0 0 0 01 19 0 11 16 0 0
